2022078451
2022076449
2022078668
2022078776
2022078607
2022078632
2022078645
2022078655
2023078772
2023078218
2023078997
2023078216
2022078636
2023079359
2023080841
2023078228
2023079362
2022078604
2022078460
2023079346
2023078229
2023081622
2023081097
2023078222
2023078486
2022078482
2023081092
2023081255
2022078613
2022078490
2023081155
2022078509
2023079356
2023078801
2023078999
2023080793
2023079351
2022078507
2023079349
2023079352
2023079354
2022078521
2023081446
2023078226
2022078643
2023081465
2022078646
2023078488
2022078671
2023078223
2023078227
2022078664
2022078591
2023079340
2023078220
2023079339
2023081084
2023078487
2023078350
2023075980
2023079341
2023081562
2023079342
2023078225
2023079344
2023078636
2023079343
2023078219
2023078221
